197.67
197.59
197.56
197.56
197.52
197.49
197.47
197.44
197.44
197.43
197.41
197.4
197.39
197.38
197.38
197.37
197.37
197.35
197.34
197.33
197.32
197.32
197.32
197.32
197.31
197.31
197.31
197.28
197.28
197.27
197.27
197.26
197.26
197.25
197.23
197.23
197.21
197.21
197.2
197.18
197.18
197.17
197.17
197.15
197.14
197.14
197.14
197.14
197.13
197.13
197.11
197.11
197.08
197.08
197.08
197.07
197.06
197.06
197.05
197.03
197.03
197.02
197.02
197.02
197.01
197.01
197.0
197.0
196.99
196.99
196.98
196.98
196.96
196.95
196.95
196.95
196.93
196.93
196.92
196.92
196.92
196.91
196.91
196.91
196.9
196.88
196.85
196.84
196.83
196.83
196.82
196.8
196.8
196.8
196.76
196.76
196.75
196.73
196.73
196.72
196.71
196.71
196.71
196.7
196.7
196.69
196.68
196.65
196.62
196.59
196.59
196.59
196.59
196.58
196.58
196.57
196.55
196.51
196.49
196.48
196.47
196.44
196.4
196.38
196.38
196.36
196.35
196.34
196.32
196.3
196.26
196.22
196.22
196.21
196.2
196.18
196.17
196.15
196.14
196.1
196.09
196.09
196.08
196.06
196.01
196.0
195.99
195.99
195.98
195.93
195.91
195.89
195.87
195.85
195.83
195.81
195.77
195.74
195.72
195.71
195.7
195.7
195.69
195.67
195.67
195.64
195.62
195.62
195.61
195.59
195.57
195.56
195.55
195.53
195.51
195.48
195.38
195.37
195.35
195.34
195.31
195.29
195.24
195.19
195.19
195.14
195.09
195.08
195.05
195.04
195.01
195.01
194.95
194.91
194.83
194.83
194.79
194.79
194.78
194.75
194.71
194.65
194.58
194.56
194.52
194.49
194.48
194.46
194.44
194.44
194.42
194.4
194.4
194.39
194.36
194.26
194.23
194.19
194.18
194.16
194.16
194.08
193.98
193.98
193.91
193.9
193.9
193.87
193.86
193.84
193.74
193.65
193.61
193.59
193.58
193.51
193.51
193.42
193.36
193.34
193.28
193.26
193.17
193.11
193.07
193.02
193.0
192.98
192.97
192.89
192.87
192.87
192.85
192.82
192.81
192.78
192.75
192.64
192.64
192.59
192.59
192.55
192.52
192.51
192.49
192.49
192.48
192.42
192.38
192.31
192.3
192.29
192.27
192.26
192.26
192.25
192.25
192.22
192.19
192.19
192.09
192.03
192.02
192.0
191.97
191.93
191.9
191.86
191.81
191.8
191.79
191.79
191.74
191.73
191.72
191.71
191.68
191.68
191.59
191.55
191.53
191.5
191.47
191.39
191.35
191.33
191.33
191.32
191.29
191.22
191.2
191.18
191.16
191.13
191.12
191.1
191.09
191.05
190.99
190.9
190.87
190.85
190.83
190.83
190.79
190.78
190.77
190.74
190.73
190.68
190.66
190.63
190.62
190.56
190.51
190.49
190.46
190.43
190.43
190.39
190.38
190.34
190.27
190.26
190.2
190.2
190.19
190.17
190.15
190.15
190.06
190.02
189.97
189.92
189.9
189.8
189.78
189.75
189.74
189.51
189.51
189.34
189.29
189.29
189.27
189.25
189.21
189.21
189.15
189.14
189.06
188.91
188.83
188.82
188.75
188.72
188.64
188.64
188.52
188.47
188.44
188.4
188.31
188.23
188.17
188.15
188.1
188.05
187.89
187.79
187.64
187.52
187.48
187.44
187.27
187.19
187.11
187.1
187.06
187.05
187.0
186.95
186.83
186.66
186.6
186.3
186.29
186.25
186.22
186.17
186.04
186.03
186.02
185.93
185.92
185.82
185.82
185.79
185.78
185.73
185.73
185.67
185.59
185.43
185.4
185.14
184.97
184.93
184.83
184.63
184.32
184.3
184.29
184.24
184.11
183.87
183.84
183.77
183.72
183.57
183.54
183.52
183.17
183.01
182.97
182.93
182.91
182.85
182.81
182.75
182.75
182.67
182.49
182.4
182.07
182.04
181.78
181.75
181.66
181.59
181.45
181.4
181.16
181.11
181.11
181.1
181.0
180.87
180.78
180.64
180.56
180.55
180.52
180.48
180.39
179.95
179.9
179.85
179.61
179.54
179.04
179.0
178.92
178.91
178.84
178.42
178.41
178.15
178.12
178.1
178.06
177.82
177.76
177.68
177.68
177.66
177.5
177.17
176.78
176.29
176.1
175.93
175.92
175.84
175.83
175.81
175.74
175.69
175.67
175.57
175.11
174.97
174.73
174.63
174.59
174.49
174.41
174.36
174.32
174.27
174.27
174.0
173.9
173.56
173.51
173.37
173.26
173.09
173.08
172.95
172.9
172.79
172.78
172.62
172.47
171.92
171.89
171.84
171.7
171.52
171.18
171.03
170.64
170.6
169.72
169.6
169.24
169.05
168.77
168.56
168.05
167.78
166.98
166.97
166.71
166.65
166.6
166.57
166.54
166.34
166.12
166.1
165.96
165.93
165.76
165.59
165.56
165.38
165.34
165.04
165.01
164.86
164.76
164.1
163.93
163.92
163.83
163.62
163.62
163.6
163.24
163.22
163.01
162.2
162.0
160.9
160.56
160.19
159.78
159.49
158.33
158.11
157.83
157.25
157.04
156.7
156.07
155.83
155.79
155.45
155.42
154.96
154.37
154.13
153.54
153.29
152.97
152.71
152.51
152.03
151.85
151.73
151.55
151.09
150.59
150.4
150.3
149.4
149.28
149.06
148.7
148.64
147.57
147.5
147.09
146.87
146.77
146.74
145.88
144.65
144.41
144.39
144.17
144.02
143.94
143.18
142.9
142.19
141.28
140.6
140.32
140.11
139.82
139.69
139.39
139.03
138.91
137.38
137.05
137.04
136.97
136.18
134.88
134.87
133.93
133.73
133.39
131.98
131.0
130.7
130.37
130.29
130.09
129.75
128.76
127.36
127.13
125.78
124.56
123.71
123.35
123.27
122.89
122.19
122.19
122.09
121.79
121.33
120.49
119.94
119.71
119.51
118.89
118.57
118.06
117.02
116.01
115.09
115.03
114.89
114.69
114.64
114.57
114.49
113.11
112.88
112.62
112.56
111.57
110.97
109.69
108.99
108.7
107.01
107.01
105.06
105.03
104.73
104.43
102.11
102.04
101.86
101.59
101.51
101.39
100.69
100.68
100.19
99.49
98.58
98.35
98.24
98.21
98.04
97.67
97.36
97.36
96.65
96.23
96.0
95.63
95.37
95.36
95.15
95.12
95.11
95.11
94.53
94.45
94.33
94.25
93.8
93.71
93.58
93.44
93.08
93.01
92.96
92.49
92.21
91.97
91.84
91.54
91.21
90.99
90.73
90.71
90.57
90.45
90.28
89.92
89.52
89.2
89.05
88.9
88.17
88.13
88.12
87.95
87.89
87.73
87.72
87.63
87.35
87.23
86.88
86.7
86.48
86.38
86.06
84.53
84.4
84.27
83.75
83.72
82.75
82.61
82.53
82.48
82.1
82.02
81.95
81.41
80.66
80.64
79.57
79.49
79.48
79.31
78.77
78.52
78.13
77.69
77.56
77.48
77.33
77.28
77.21
76.88
76.86
76.8
76.59
76.59
76.32
76.17
76.1
75.98
75.98
75.61
74.06
73.97
73.85
73.82
73.61
73.38
73.22
72.89
72.66
71.77
70.6
70.54
70.54
70.22
69.2
67.77
67.71
67.65
67.39
67.24
66.65
66.02
65.75
65.17
65.15
65.15
64.52
64.06
63.98
63.62
62.58
62.25
62.21
62.16
62.06
61.97
61.71
61.39
61.32
61.17
60.7
59.98
58.36
58.13
57.48
57.38
57.37
57.27
56.67
56.64
56.09
56.01
55.96
55.86
55.59
55.53
53.6
49.8
48.32
47.88
46.98
46.95
45.98
45.97
45.96
44.44
43.7
43.45
43.27
43.19
42.41
41.92
41.43
41.35
40.21
40.1
39.72
39.65
39.61
39.06
39.03
38.8
38.8
38.65
38.27
38.01
37.97
37.96
37.86
37.68
37.67
37.67
37.39
37.14
37.13
36.99
36.84
36.55
36.52
36.37
36.3
35.87
35.86
35.46
35.33
35.26
35.19
35.07
35.07
34.96
34.95
34.87
34.86
34.81
34.64
34.64
34.63
34.56
34.55
34.48
34.43
34.38
34.16
34.05
33.97
33.93
33.92
33.75
33.54
33.49
33.46
33.42
33.25
33.07
32.97
32.92
32.77
32.36
32.1
31.14
30.69
30.61
30.29
30.15
29.18
29.17
28.85
28.46
28.16
28.16
27.67
27.66
27.46
27.4
27.39
27.38
27.33
27.33
27.21
27.15
27.09
26.87
26.85
26.64
26.63
26.58
26.58
26.56
26.42
26.1
26.09
26.0
25.99
25.98
25.9
25.89
25.84
25.77
25.63
25.6
25.56
