0.023 0.7357 0.0928 0.0011 0.0375 0.1098
0.0211 0.7091 0.0862 0.0184 0.0946 0.0706
0.004 0.4763 0.0572 0.0053 0.2614 0.1958
0.0078 0.4302 0.0606 0.0098 0.4884 0.0032
0.0044 0.3002 0.0395 0.0179 0.3497 0.2883
0.01 0.5706 0.0791 0.0174 0.1757 0.1472
0.0257 0.7201 0.0614 0.0426 0.0572 0.0931
0.0039 0.3093 0.0441 0.0031 0.4242 0.2155
0.0269 0.6477 0.0981 5.0E-4 0.078 0.1487
0.0139 0.5784 0.0563 0.0095 0.1611 0.1808
0.0238 0.6827 0.0605 0.0124 0.095 0.1256
0.0196 0.6266 0.0869 0.0125 0.0161 0.2384
0.0021 0.248 0.0298 0.0041 0.6174 0.0987
0.0096 0.4919 0.075 0.0088 0.2944 0.1202
0.0196 0.6266 0.0869 0.0125 0.0161 0.2384
0.0157 0.6176 0.0622 0.0383 0.1578 0.1083
0.0197 0.7638 0.0923 0.0139 0.065 0.0452
0.0152 0.526 0.0554 0.0126 0.2249 0.1659
0.0255 0.5851 0.061 0.0398 0.0429 0.2457
0.004 0.4763 0.0572 0.0053 0.2614 0.1958
0.0137 0.4434 0.056 0.0067 0.147 0.3333
0.0065 0.739 0.0752 0.0338 0.03 0.1154
0.0322 0.6342 0.058 0.0042 0.152 0.1194
0.0133 0.2976 0.0279 0.0114 0.5811 0.0687
0.0095 0.5807 0.0641 0.0207 0.134 0.1908
0.0098 0.5962 0.0658 0.0213 0.1376 0.1692
0.0096 0.4919 0.075 0.0088 0.2944 0.1202
0.0049 0.2058 0.0317 0.001 0.2941 0.4626
0.0122 0.4412 0.0603 0.0213 0.3799 0.0851
0.0178 0.7005 0.1072 0.0386 0.0856 0.0503
0.0159 0.5294 0.0534 0.0446 0.2021 0.1547
0.005 0.3731 0.0448 0.0032 0.1315 0.4424
0.0141 0.4901 0.0474 0.0158 0.2054 0.2271
0.0119 0.3514 0.0339 0.0069 0.5526 0.0434
0.0012 0.8583 0.0128 0.0023 0.0096 0.1157
0.0122 0.4412 0.0603 0.0213 0.3799 0.0851
0.005 0.3731 0.0448 0.0032 0.1315 0.4424
0.0184 0.5756 0.0848 0.0306 0.1786 0.1121
0.0159 0.5294 0.0534 0.0446 0.2021 0.1547
0.0137 0.4129 0.0483 0.0059 0.3588 0.1603
0.0344 0.6095 0.0619 0.0044 0.1623 0.1275
0.006 0.2698 0.0323 0.0011 0.0015 0.6893
0.0065 0.739 0.0752 0.0338 0.03 0.1154
0.0381 0.8179 0.0889 0.0099 0.0212 0.0239
0.0139 0.5784 0.0563 0.0095 0.1611 0.1808
1.0E-4 0.0192 0.0023 0.0028 0.9741 0.0015
0.0042 0.3882 0.0483 0.0116 0.3056 0.2421
0.009 0.392 0.0308 0.0033 0.4257 0.1392
0.0381 0.8179 0.0889 0.0099 0.0212 0.0239
0.0137 0.4434 0.056 0.0067 0.147 0.3333
0.0141 0.4901 0.0474 0.0158 0.2054 0.2271
0.025 0.4933 0.0541 0.014 0.1103 0.3033
0.0265 0.5758 0.0535 0.0199 0.1884 0.1359
0.0179 0.6986 0.1021 0.0399 0.051 0.0905
0.012 0.3498 0.0288 0.0082 0.5175 0.0836
0.0108 0.5556 0.0756 0.009 9.0E-4 0.3482
0.0045 0.2454 0.0284 0.0201 0.4802 0.2215
0.0256 0.7221 0.0665 0.0412 0.0917 0.0529
0.0136 0.4026 0.0373 0.0137 0.4459 0.0869
0.0344 0.6055 0.0769 0.0108 0.0388 0.2336
0.044 0.7761 0.0631 0.0372 0.048 0.0316
0.004 0.2193 0.035 0.0093 0.4648 0.2676
0.0024 0.4511 0.0163 0.0011 0.3036 0.2256
0.0528 0.6617 0.0786 0.0054 0.0295 0.1719
0.0184 0.5756 0.0848 0.0306 0.1786 0.1121
0.0147 0.3399 0.0435 0.0046 0.0166 0.5807
1.0E-4 0.4879 0.0039 0.001 0.0276 0.4795
0.0133 0.2976 0.0279 0.0114 0.5811 0.0687
0.0147 0.3399 0.0435 0.0046 0.0166 0.5807
1.0E-4 0.8914 0.0064 0.0018 0.0543 0.046
0.0362 0.645 0.0829 0.0398 0.0354 0.1606
0.018 0.6594 0.09 -0.0209 0.1202 0.1333
0.0237 0.5458 0.0551 0.0109 0.0462 0.3184
0.0136 0.2758 0.0428 0.0044 0.3101 0.3533
0.044 0.7761 0.0631 0.0372 0.048 0.0316
0.0321 0.467 0.0449 0.0019 0.315 0.139
1.0E-4 0.0192 0.0023 0.0028 0.9741 0.0015
0.0021 0.6829 0.0319 0.0036 0.1583 0.1212
0.0151 0.359 0.0423 0.0104 0.3878 0.1855
0.0133 0.2976 0.0279 0.0114 0.5811 0.0687
0.0139 0.3551 0.0471 0.013 0.1913 0.3796
0.0023 0.1599 0.0209 0.0104 0.6614 0.1451
0.0268 0.5579 0.0552 0.004 0.0582 0.2978
0.0435 0.6841 0.0561 0.0115 0.1154 0.0894
0.0125 0.7212 0.0285 0.0076 0.0395 0.1907
0.0422 0.7367 0.0571 0.0084 0.0513 0.1043
0.0311 0.6256 0.0523 0.0133 0.1397 0.138
0.0111 0.6459 0.1326 0.0538 0.1051 0.0516
0.044 0.7761 0.0631 0.0372 0.048 0.0316
0.0079 0.596 0.1029 0.0357 0.1518 0.1057
0.0471 0.7603 0.0675 0.0399 0.0514 0.0338
0.0136 0.2758 0.0428 0.0044 0.3101 0.3533
0.0137 0.4129 0.0483 0.0059 0.3588 0.1603
0.0139 0.3551 0.0471 0.013 0.1913 0.3796
0.0275 0.7594 0.0673 0.0714 0.0539 0.0205
0.0064 0.531 0.0347 0.0028 0.1807 0.2445
0.0321 0.457 0.0339 0.0097 0.4018 0.0655
0.0239 0.6808 0.0554 0.0137 0.0605 0.1657
1.0E-4 0.4879 0.0039 0.001 0.0276 0.4795
0.061 0.6413 0.081 0.014 0.1514 0.0511
0.0528 0.6617 0.0786 0.0054 0.0295 0.1719
0.0255 0.5851 0.061 0.0398 0.0429 0.2457
0.0422 0.7388 0.0622 0.007 0.0858 0.064
0.0355 0.6842 0.0875 0.0221 0.1053 0.0654
0.0125 0.7212 0.0285 0.0076 0.0395 0.1907
0.0047 0.6464 0.0472 8.0E-4 0.0566 0.2443
0.0134 0.2646 0.0318 0.0122 0.3969 0.281
0.0089 0.2239 0.0176 0.001 0.5897 0.1588
0.0177 0.5633 0.1018 0.0371 0.0366 0.2434
0.0308 0.7773 0.0302 0.0022 0.0303 0.1292
0.0528 0.6617 0.0786 0.0054 0.0295 0.1719
0.0238 0.6827 0.0605 0.0124 0.095 0.1256
0.0362 0.645 0.0829 0.0398 0.0354 0.1606
0.0159 0.5294 0.0534 0.0446 0.2021 0.1547
0.0079 0.8672 0.0628 0.0094 0.0273 0.0255
0.0021 0.248 0.0298 0.0041 0.6174 0.0987
0.0255 0.5851 0.061 0.0398 0.0429 0.2457
0.0275 0.7594 0.0673 0.0714 0.0539 0.0205
0.0044 0.3002 0.0395 0.0179 0.3497 0.2883
0.0037 0.1415 0.031 8.0E-4 0.5878 0.2352
0.0162 0.4228 0.0429 0.0105 0.0949 0.4127
0.0308 0.7773 0.0302 0.0022 0.0303 0.1292
0.0162 0.4228 0.0429 0.0105 0.0949 0.4127
0.0071 0.1624 0.0032 0.0021 0.7836 0.0416
0.015 0.3483 0.0313 0.0182 0.4749 0.1124
0.0148 0.4768 0.0489 0.006 0.0654 0.388
0.0606 0.7928 0.0588 0.003 0.0421 0.0427
0.0138 0.4113 0.0432 0.0073 0.324 0.2004
0.0149 0.4751 0.0438 0.0074 0.031 0.4278
0.0111 0.6459 0.1326 0.0538 0.1051 0.0516
0.0237 0.6847 0.0656 0.011 0.1296 0.0854
0.0052 0.7332 0.0614 0.0216 0.1115 0.0671
0.0019 0.0803 0.0166 0.0018 0.7812 0.1182
0.0189 0.4962 0.035 0.0062 0.3601 0.0837
0.044 0.7761 0.0631 0.0372 0.048 0.0316
0.0167 0.5143 0.0498 0.0362 0.0277 0.3552
0.0344 0.6971 0.1249 0.0059 0.0932 0.0445
0.0078 0.4287 0.0899 0.0335 0.3149 0.1253
0.0023 0.5943 0.023 0.0099 0.2027 0.1677
0.0235 0.4103 0.0547 0.0081 0.0318 0.4716
0.0119 0.7164 0.1489 0.0662 0.0415 0.0151
0.0103 0.5753 0.1163 0.0413 0.1687 0.0881
0.0244 0.5923 0.1205 0.0031 0.1595 0.1001
0.0081 0.422 0.0742 0.0211 0.0848 0.3897
0.0088 0.5861 0.012 2.0E-4 0.0994 0.2935
0.0049 0.6739 0.0068 8.0E-4 0.059 0.2547
0.0156 0.8431 0.1191 0.0169 3.0E-4 0.005
0.0023 0.1599 0.0209 0.0104 0.6614 0.1451
0.0062 0.3635 0.0215 5.0E-4 0.3439 0.2643
0.0139 0.3551 0.0471 0.013 0.1913 0.3796
0.0348 0.3456 0.0366 0.0128 0.4952 0.0749
0.001 0.7617 0.0015 0.0014 0.0185 0.2159
0.0304 0.842 0.0327 0.0024 0.0482 0.0443
0.0103 0.5753 0.1163 0.0413 0.1687 0.0881
0.0892 0.5295 0.0914 0.0098 0.1292 0.1509
0.0125 0.7212 0.0285 0.0076 0.0395 0.1907
0.0322 0.6342 0.058 0.0042 0.152 0.1194
0.0154 0.4378 0.0465 0.0189 0.2691 0.2122
0.0169 0.4927 0.0855 0.0247 0.1002 0.28
0.0243 0.4247 0.1075 8.0E-4 0.323 0.1197
0.025 0.4933 0.0541 0.014 0.1103 0.3033
0.0095 0.5807 0.0641 0.0207 0.134 0.1908
0.3707 0.1262 0.0804 0.034 0.3724 0.0163
0.0143 0.7605 0.0345 0.0365 0.0362 0.118
0.0284 0.7845 0.0695 0.0407 0.0557 0.0212
0.0024 0.4511 0.0163 0.0011 0.3036 0.2256
0.0336 0.3784 0.0677 0.0131 0.1308 0.3765
0.061 0.6413 0.081 0.014 0.1514 0.0511
0.0067 0.8355 0.0869 0.0349 0.0212 0.0149
1.0E-4 0.8914 0.0064 0.0018 0.0543 0.046
0.0151 0.359 0.0423 0.0104 0.3878 0.1855
0.0533 0.5992 0.1441 0.013 0.159 0.0314
0.0064 0.531 0.0347 0.0028 0.1807 0.2445
2.0E-4 0.0842 0.0013 2.0E-4 9.0E-4 0.9132
0.3805 0.3213 0.0993 0.0864 0.0304 0.0822
0.0164 0.6335 0.0337 0.007 0.0799 0.2295
0.2372 0.3204 0.0824 0.0339 0.316 0.0101
0.0097 0.5352 0.0753 0.0122 0.3635 0.004
0.0141 0.3068 0.0042 0.0013 0.5916 0.082
0.2843 0.1888 0.0609 0.039 0.3744 0.0526
0.0019 0.0803 0.0166 0.0018 0.7812 0.1182
0.0435 0.6841 0.0561 0.0115 0.1154 0.0894
0.0451 0.7096 0.1845 8.0E-4 0.0566 0.0034
0.0041 0.2211 0.0353 0.0094 0.4684 0.2618
0.1926 0.2164 0.0423 0.0177 0.4819 0.0491
0.0062 0.3635 0.0215 5.0E-4 0.3439 0.2643
0.0203 0.4419 0.029 0.0106 0.3891 0.1091
0.0358 0.532 0.1099 0.0333 0.2151 0.0738
0.1866 0.302 0.0688 0.0196 0.3167 0.1064
0.0021 0.2811 0.0294 0.0028 0.1317 0.5529
0.193 0.4849 0.0998 0.0254 0.1862 0.0106
0.0161 0.4578 0.0486 0.0198 0.2359 0.2218
0.603 0.0048 0.0643 0.0377 0.251 0.0392
0.0332 0.5308 0.0455 0.002 0.0218 0.3667
0.0118 0.6505 0.0306 0.005 0.043 0.2591
0.0421 0.6017 0.0568 0.0055 0.037 0.257
0.0163 0.6354 0.0388 0.0056 0.1145 0.1894
0.0118 0.2143 0.0284 0.0054 0.5039 0.2361
0.6258 0.2242 0.1295 0.0045 0.0125 0.0035
0.045 0.5295 0.0986 0.0079 0.0168 0.3022
0.5105 0.2213 0.0967 0.0509 0.1005 0.0201
0.2626 0.1054 0.054 0.0457 0.4555 0.0768
0.5214 0.0933 0.0992 0.0749 0.146 0.0652
0.0615 0.4885 0.1035 0.0252 0.2618 0.0595
0.389 0.2347 0.1234 0.0603 0.0873 0.1053
0.0075 0.5346 0.0028 0.0014 0.3047 0.149
0.0255 0.4886 0.108 0.001 0.0289 0.348
0.0066 0.4426 0.0258 0.0091 0.225 0.2909
0.8072 0.0132 0.1609 0.0016 0.0052 0.0119
0.0421 0.6017 0.0568 0.0055 0.037 0.257
0.3125 0.4937 0.0653 0.0029 0.0155 0.11
0.0123 0.5859 0.0281 0.0048 0.0252 0.3438
0.0134 0.733 0.03 0.0109 0.1216 0.0911
0.0035 0.5149 0.017 0.0012 0.01 0.4534
0.3779 0.4036 0.0992 0.0771 0.0311 0.0111
0.0164 0.6335 0.0337 0.007 0.0799 0.2295
0.2676 0.4696 0.1092 0.0458 0.0729 0.035
0.0033 0.1175 0.0087 0.0164 0.7656 0.0885
0.0188 0.3586 0.0295 0.0047 0.3112 0.2772
0.0014 0.9558 0.0242 0.0032 7.0E-4 0.0147
0.1866 0.302 0.0688 0.0196 0.3167 0.1064
0.4537 0.2453 0.1026 0.0396 0.1339 0.0249
0.0275 0.7594 0.0673 0.0714 0.0539 0.0205
7.0E-4 0.9235 0.0153 0.0025 0.0276 0.0304
0.193 0.4849 0.0998 0.0254 0.1862 0.0106
0.1968 0.4042 0.0679 0.0238 0.216 0.0912
0.6904 0.1188 0.1057 -0.0285 0.0538 0.0598
0.2685 0.3375 0.1074 0.0246 0.1818 0.0802
0.0275 0.7594 0.0673 0.0714 0.0539 0.0205
0.1868 0.1339 0.0557 0.0174 0.4803 0.126
0.0139 0.3551 0.0471 0.013 0.1913 0.3796
0.8551 0.002 0.0758 0.0054 0.001 0.0607
0.0347 0.6895 0.0354 0.0016 0.0707 0.168
0.042 0.2493 0.0535 0.0128 0.6119 0.0305
0.0273 0.4453 0.0117 2.0E-4 0.132 0.3835
0.3103 0.2854 0.0717 0.0764 0.2045 0.0517
0.0138 0.8252 0.0369 0.0367 0.0541 0.0332
0.0164 0.6335 0.0337 0.007 0.0799 0.2295
0.2677 0.4918 0.0819 0.0612 0.0771 0.0203
0.7709 0.003 0.0896 0.0031 0.1027 0.0306
0.6866 0.0041 0.1035 7.0E-4 0.2046 5.0E-4
0.1044 0.1652 0.0412 0.0152 0.524 0.15
0.193 0.4849 0.0998 0.0254 0.1862 0.0106
0.7055 0.1722 0.1067 8.0E-4 0.0105 0.0043
0.0121 0.3834 0.0284 0.007 0.0308 0.5383
0.2067 0.0271 0.0429 0.0125 0.7024 0.0084
0.4632 0.015 0.0499 0.0152 0.3574 0.0993
0.0222 0.8259 0.0652 0.0456 0.028 0.0132
0.4073 0.2953 0.1385 0.0215 0.0872 0.0501
0.0974 0.4792 0.0439 0.0779 0.2636 0.038
0.5982 0.1131 0.1001 0.0259 0.1524 0.0103
0.256 0.1812 0.0637 0.0257 0.3453 0.1281
0.1911 0.4216 0.1147 0.0501 0.2068 0.0157
0.2556 0.261 0.0679 0.0343 0.226 0.1552
0.8322 0.0258 0.0621 0.0097 0.007 0.0632
0.4362 0.3441 0.0655 0.0096 0.031 0.1136
0.4775 0.1851 0.1114 0.024 0.101 0.101
0.3421 0.5096 0.094 0.0037 0.0274 0.0232
0.2016 0.54 0.1212 0.0385 0.0436 0.055
0.0184 0.4233 0.0023 0.0012 0.2554 0.2994
0.1735 0.5889 0.1716 0.0336 0.0232 0.0091
0.5075 0.2294 0.1265 0.0324 0.0499 0.0544
0.7961 0.0206 0.1037 0.044 0.0043 0.0312
0.2342 0.3028 0.0308 0.0076 0.2274 0.1972
0.4372 0.2914 0.0646 0.0127 0.0955 0.0986
0.0555 0.3925 0.0239 0.0394 0.4286 0.0601
0.3468 0.3628 0.1264 0.0337 0.1225 0.0079
0.2777 0.3754 0.0977 0.0294 0.0586 0.1612
0.0138 0.3891 0.0348 0.0371 0.5142 0.011
0.0222 0.0074 0.003 3.0E-4 0.966 0.0011
0.3292 0.0925 0.0747 0.0256 0.432 0.0459
0.8201 0.0199 0.0508 0.0102 8.0E-4 0.0982
0.1866 0.302 0.0688 0.0196 0.3167 0.1064
0.005 0.6925 0.0179 0.0431 8.0E-4 0.2407
0.7366 0.0394 0.1319 0.0829 0.0077 0.0015
0.3234 0.4536 0.0923 0.0091 0.0366 0.085
0.1867 0.2136 0.0599 0.0259 0.361 0.1529
0.4255 0.1526 0.0575 0.0117 0.1771 0.1756
0.3423 0.0734 0.067 8.0E-4 0.3978 0.1188
0.8072 0.0132 0.1609 0.0016 0.0052 0.0119
0.0442 0.2855 0.0221 0.0026 0.6057 0.0399
0.2345 0.3531 0.0339 0.0291 0.1794 0.1699
0.0433 0.1094 0.0193 0.0056 0.8101 0.0123
0.3386 0.4587 0.1948 3.0E-4 0.0046 0.003
0.7038 0.131 0.0194 0.0022 0.0043 0.1393
0.8377 0.0109 0.0633 0.0078 9.0E-4 0.0794
0.0019 0.9726 0.0239 2.0E-4 2.0E-4 0.0012
0.3123 0.5585 0.0678 0.0031 0.0334 0.0248
0.0212 0.8065 0.0892 0.032 0.0498 0.0013
0.3415 0.3854 0.0522 0.0011 0.1109 0.1089
0.5019 0.0046 0.0311 0.0014 0.4362 0.0248
0.498 0.1751 0.1049 0.0193 0.1929 0.0099
0.0017 0.3404 0.0586 0.0727 0.4844 0.0422
0.3637 0.0056 0.0105 0.0092 0.5146 0.0964
0.2617 0.5241 0.0617 0.0391 0.0734 0.04
0.1603 0.6361 0.181 0.0185 0.0024 0.0017
0.3103 0.2854 0.0717 0.0764 0.2045 0.0517
0.3049 0.3496 0.0704 0.0643 0.1817 0.029
0.3134 0.2778 0.0249 0.0274 0.2738 0.0827
0.8296 0.0187 0.0082 0.0026 0.0407 0.1002
0.0018 0.8963 0.0843 0.0017 0.0145 0.0014
0.0602 0.5828 0.0548 0.0442 0.196 0.0619
0.2154 0.4601 0.0696 0.0185 0.207 0.0295
0.5185 0.0055 0.0248 0.075 0.2979 0.0783
0.0225 0.2248 0.0389 0.0391 0.6474 0.0272
0.6042 0.0131 0.0924 0.0191 0.0407 0.2305
0.0273 0.4453 0.0117 2.0E-4 0.132 0.3835
0.6162 0.0756 0.1304 0.0456 0.0526 0.0796
0.2072 0.4986 0.0952 0.0659 0.0705 0.0627
0.5391 0.1483 0.1296 0.041 0.0907 0.0513
0.2831 0.3115 0.0989 0.0414 0.0814 0.1838
0.1865 0.384 0.0645 0.0263 0.2678 0.071
0.1104 0.4382 0.0813 0.0147 0.3487 0.0067
0.2661 0.3161 0.0756 0.0294 0.066 0.2467
0.2523 0.1555 0.0606 0.0266 0.2933 0.2117
0.3236 0.3176 0.092 0.0063 0.0222 0.2383
0.6116 0.0644 0.0781 0.0198 0.1877 0.0384
0.062 0.8277 0.0655 0.0144 0.0043 0.0261
0.1802 0.6577 0.0031 0.0022 0.0196 0.1372
0.6427 0.0231 0.0651 0.0444 0.2045 0.0202
0.657 0.0308 0.1289 0.0095 0.0937 0.0801
0.0031 0.8699 0.0252 0.0213 0.0411 0.0394
0.0967 0.5031 0.0591 0.0926 0.0647 0.1838
0.2547 0.5571 0.0514 0.0263 0.0773 0.0331
0.2696 0.3877 0.0463 0.0732 0.1742 0.049
0.7995 0.0013 0.1035 0.0015 3.0E-4 0.0939
0.0949 0.4937 0.0455 0.0197 0.2172 0.1291
0.6719 0.0174 0.1161 0.0051 0.1495 0.0401
0.0107 0.1657 0.0024 0.0019 0.0875 0.7318
0.261 0.1975 0.0691 0.0462 0.2486 0.1776
0.2081 0.4176 0.1324 0.0174 0.2147 0.0099
0.0527 0.5331 0.0278 0.0387 0.1808 0.1668
0.2642 0.3406 0.0554 0.0374 0.1226 0.1798
0.2666 0.3785 0.1302 0.0263 0.1893 0.0091
0.3847 0.0411 0.0698 0.0293 0.2252 0.2499
0.4612 0.0018 0.0101 0.0019 0.3995 0.1255
0.5834 0.1058 0.1511 0.0663 0.0869 0.0065
0.1191 0.4623 0.0238 0.0059 0.3152 0.0737
6.0E-4 0.4233 0.0014 8.0E-4 0.0097 0.5642
0.8947 0.0011 0.0139 0.0014 0.0016 0.0873
0.0058 0.9545 0.0116 5.0E-4 0.0114 0.0162
0.1039 0.7861 0.0376 0.019 0.0017 0.0517
0.2197 0.5842 0.0382 0.0021 0.1346 0.0212
0.0974 0.4792 0.0439 0.0779 0.2636 0.038
0.3672 0.0034 0.0606 0.0501 0.5008 0.0179
0.6642 0.0533 0.13 0.0383 0.0756 0.0386
0.1823 0.452 0.1029 2.0E-4 0.0686 0.194
0.1867 0.2136 0.0599 0.0259 0.361 0.1529
0.4055 0.0653 0.0848 0.009 0.3852 0.0502
0.2485 0.2987 0.0828 0.016 0.0661 0.2879
0.1506 0.719 0.0709 6.0E-4 0.0412 0.0177
0.1858 0.4441 0.0409 0.0177 0.1954 0.1162
0.3236 0.3176 0.092 0.0063 0.0222 0.2383
0.2567 0.2457 0.0643 0.0258 0.0507 0.3568
0.0201 0.8693 0.0934 0.0098 0.007 4.0E-4
0.0239 0.2049 0.0253 0.03 0.0351 0.6808
0.6894 0.0328 0.1528 0.0021 0.005 0.1179
0.0061 0.8228 9.0E-4 0.0032 6.0E-4 0.1664
0.2381 0.2434 0.075 0.0209 0.2269 0.1958
0.6421 0.0216 0.0638 0.069 0.1993 0.0042
0.3421 0.5096 0.094 0.0037 0.0274 0.0232
0.6176 0.0571 0.0938 0.0741 0.0313 0.1261
0.0235 0.8826 0.0894 2.0E-4 0.0042 1.0E-4
0.4255 0.1526 0.0575 0.0117 0.1771 0.1756
0.6034 0.0025 0.1096 0.0123 0.2637 0.0085
0.1045 0.2908 0.0621 0.012 0.3939 0.1368
0.1213 0.2366 0.041 8.0E-4 0.0043 0.596
0.3183 0.3094 0.0598 5.0E-4 0.1579 0.1541
0.1608 0.0163 0.0112 0.0111 0.7598 0.0408
0.6976 0.0257 0.0625 0.0165 0.1759 0.0218
0.1798 0.3641 0.0652 0.0059 0.2012 0.1838
0.2636 0.5511 0.0459 0.0046 0.0118 0.123
0.0167 0.6557 0.1644 0.0361 0.0801 0.047
0.2319 0.0221 0.0426 0.0176 0.0625 0.6233
0.1475 0.0853 0.0069 0.003 0.7484 0.0089
0.2169 0.6217 0.0464 0.0023 0.064 0.0487
0.2576 0.5824 0.0749 0.0042 0.057 0.0239
0.1926 0.448 0.029 0.0074 0.2182 0.1048
0.6921 0.0184 0.0204 7.0E-4 0.0598 0.2086
0.1271 0.33 0.0262 0.0791 0.293 0.1446
0.2039 0.7198 5.0E-4 1.0E-4 0.0018 0.0739
0.806 0.0049 0.0127 0.0071 0.0135 0.1558
0.0117 0.5578 0.0101 0.0221 0.1282 0.2701
0.6017 0.0033 0.0824 0.0424 9.0E-4 0.2693
0.1869 0.3299 0.0553 0.1295 0.0903 0.2081
0.0314 0.8153 0.008 0.0154 0.0614 0.0685
0.0124 0.8479 0.0661 0.0617 0.0062 0.0057
0.4181 0.2288 0.0865 9.0E-4 0.0685 0.1973
0.0303 0.4054 0.0305 0.0029 0.5088 0.0221
0.1629 0.0049 0.018 0.0061 0.5326 0.2755
0.0748 0.0067 0.0136 0.0029 0.6613 0.2407
0.2982 0.1313 0.0833 0.0365 0.3937 0.057
0.3255 0.0264 0.068 0.039 0.3073 0.2338
0.5593 0.2802 0.0819 0.0105 0.0653 0.0028
0.5537 0.1142 0.0356 0.0152 0.0946 0.1867
0.1185 0.1226 0.0499 0.0176 0.1275 0.5639
0.8194 0.0061 0.0337 0.0062 0.0689 0.0657
0.1614 0.5468 0.1634 0.0372 0.0152 0.076
0.0442 0.7823 0.0423 0.0906 0.0187 0.0219
0.2322 0.1438 0.041 0.0081 0.1775 0.3975
0.1855 0.4914 0.0838 0.1426 0.0902 0.0065
0.7343 0.0322 0.0212 0.0751 0.0701 0.0671
0.2596 0.2551 0.0375 0.0919 0.2368 0.1191
0.0408 0.0532 3.0E-4 3.0E-4 0.4123 0.4931
0.0529 0.267 0.0386 0.0193 0.0071 0.6151
0.181 0.0057 0.009 0.0022 0.0028 0.7993
0.3414 0.0444 0.0521 4.0E-4 0.1022 0.4595
0.3392 0.3325 0.0239 0.1664 0.0811 0.0569
0.9203 5.0E-4 0.0085 1.0E-4 0.0224 0.0482
0.6611 0.0165 0.0273 0.0068 0.0081 0.2802
0.0115 0.1924 0.0055 0.0033 0.0033 0.784
0.6643 0.0067 0.0542 0.2156 0.0287 0.0305
0.4714 0.1631 0.0611 0.171 0.0124 0.121
6.0E-4 0.8824 0.0879 3.0E-4 0.0287 1.0E-4
0.2011 0.5739 0.0068 0.0147 0.0247 0.1788
0.6147 0.1178 0.0556 0.1761 0.0016 0.0342
0.7232 0.1773 0.0754 9.0E-4 0.0102 0.013
0.1806 0.5562 0.1167 0.1393 8.0E-4 0.0064
0.2191 0.7163 0.0158 0.0082 0.0139 0.0267
0.0202 0.1616 0.0065 0.0083 0.447 0.3564
0.3236 0.3176 0.092 0.0063 0.0222 0.2383
0.3555 0.376 0.0073 0.1013 0.0342 0.1257
0.1855 0.1052 0.0409 0.0171 0.1867 0.4646
0.1954 0.1879 0.077 0.0304 0.3388 0.1706
2.0E-4 0.9471 0.0034 0.0146 1.0E-4 0.0346
0.3943 0.5284 0.0027 0.0055 8.0E-4 0.0683
0.5356 0.3922 0.0292 0.0051 0.0348 0.0031
5.0E-4 0.8484 0.0063 0.0485 0.0364 0.0599
0.3986 0.5561 0.0163 0.0113 0.0043 0.0134
0.517 0.1062 0.1146 0.1218 0.1131 0.0273
0.1665 0.4304 0.0027 1.0E-4 1.0E-4 0.4002
0.2964 0.3912 0.0475 0.1326 0.112 0.0203
0.8089 0.1177 0.0178 0.0089 0.0109 0.0358
1.0E-4 0.9282 0.0026 0.0035 1.0E-4 0.0655
0.7196 0.0039 0.0462 6.0E-4 0.2239 0.0058
0.1552 0.1313 0.0059 0.003 0.0038 0.7008
0.2105 0.0427 0.028 0.0545 0.0076 0.6567
0.9252 1.0E-4 0.0196 1.0E-4 1.0E-4 0.0549
0.0784 0.1476 0.0219 0.0039 0.1104 0.6378
0.0032 0.1487 0.002 0.0064 0.0182 0.8215
0.4515 0.3797 6.0E-4 0.0056 0.0087 0.1539
0.0501 0.5409 0.0868 0.1937 0.1096 0.0189
0.0011 0.1414 7.0E-4 0.0178 0.0323 0.8067
0.0242 0.003 0.0044 0.0051 0.8877 0.0756
0.184 0.1326 0.003 0.0023 0.0305 0.6476
0.285 0.3544 0.0162 0.0411 0.2191 0.0842
0.1463 0.4238 0.043 0.0347 0.0011 0.3511
0.0056 0.2977 0.0048 0.0676 0.0022 0.6221
0.2108 0.7368 6.0E-4 1.0E-4 0.002 0.0497
0.0464 0.6803 0.0242 0.1008 0.1172 0.0311
0.3608 0.2613 0.0378 0.0041 0.0276 0.3084
0.6575 0.0392 0.0181 0.0054 0.2001 0.0797
0.2154 0.0263 8.0E-4 5.0E-4 0.2899 0.4671
0.3103 0.2214 0.0125 0.0018 0.0503 0.4037
0.0882 0.0155 0.0221 0.0119 0.0575 0.8048
0.1546 0.6443 0.0023 0.1126 6.0E-4 0.0856
0.0025 0.8918 0.0489 0.0445 0.0061 0.0062
0.0011 0.1485 0.0012 0.009 0.0012 0.839
0.4459 0.1111 0.075 0.139 0.0332 0.1958
0.2516 0.5583 0.0066 0.0206 0.0162 0.1467
0.0016 0.2615 0.0027 0.0109 0.0035 0.7198
0.98 2.0E-4 0.0011 1.0E-4 0.0017 0.0169
0.0345 0.4472 0.0186 0.0728 0.0261 0.4008
2.0E-4 0.3634 5.0E-4 0.0729 0.5431 0.0199
9.0E-4 0.9888 0.0022 6.0E-4 0.0053 0.0022
0.0973 3.0E-4 0.0073 3.0E-4 0.1187 0.7761
0.1962 0.2524 0.0775 0.0305 0.0441 0.3993
0.2379 0.2442 0.0022 3.0E-4 0.0239 0.4915
0.1354 0.0046 5.0E-4 0.0482 0.7799 0.0314
0.0357 0.5345 0.0043 0.0186 0.375 0.0319
0.0392 0.2077 0.0142 0.0164 0.0481 0.6744
0.4038 0.1424 0.0962 0.0013 0.0033 0.353
0.9144 0.0172 0.057 8.0E-4 0.0069 0.0037
0.1944 0.6373 0.0137 0.0028 0.1485 0.0033
0.3286 0.0391 0.0448 0.1365 0.396 0.055
0.0869 0.6851 0.0092 0.0706 0.0374 0.1108
0.0583 0.5705 0.0508 0.1688 0.1292 0.0224
0.8827 0.0022 0.001 0.0047 0.0023 0.1071
0.0274 0.8711 0.0462 0.0092 0.0422 0.0039
0.2941 0.0097 0.0298 0.0035 0.1223 0.5406
0.0045 0.3874 0.0055 0.0076 0.5887 0.0063
0.1864 0.3661 0.0179 0.0271 0.033 0.3695
0.0163 0.4873 0.0224 0.1554 0.3019 0.0167
0.1084 0.7222 0.0346 0.0833 0.0275 0.024
0.5696 0.0096 0.0053 0.0073 0.0131 0.3951
0.0044 0.2898 0.0022 0.0286 0.0563 0.6187
0.7471 5.0E-4 0.0015 0.0753 0.1063 0.0693
0.6284 0.1029 0.0341 0.1161 0.0916 0.0269
0.1132 0.357 0.0014 0.0012 0.4801 0.0471
0.8339 2.0E-4 0.0053 0.0541 1.0E-4 0.1064
0.9246 0.0359 3.0E-4 1.0E-4 0.0364 0.0027
0.0434 0.6644 0.0125 0.2412 2.0E-4 0.0383
0.7653 0.0014 0.0083 0.1532 0.0028 0.069
0.5452 4.0E-4 0.0667 0.1779 0.1132 0.0966
0.3277 0.1204 0.0437 0.1498 0.2582 0.1002
0.0434 0.0102 0.0084 0.0116 0.65 0.2764
0.3718 0.0586 0.0049 0.112 0.2709 0.1818
0.4424 0.0106 0.0058 0.0426 0.4657 0.0329
0.1553 0.0076 0.028 0.0481 0.6585 0.1025
0.2538 0.2941 0.0084 0.0246 0.0664 0.3527
0.5258 0.1128 0.0037 0.0462 0.1498 0.1617
0.3377 0.6189 0.0037 0.0081 0.0079 0.0237
0.001 0.781 7.0E-4 1.0E-4 0.2167 5.0E-4
0.0026 0.705 0.2072 0.0654 0.0028 0.017
0.1708 0.7034 3.0E-4 0.0132 0.0038 0.1085
0.2819 0.2979 0.0017 0.1125 0.0425 0.2635
0.0266 0.0022 0.0022 0.0072 0.2042 0.7576
0.4679 0.1155 0.14 0.1244 0.0168 0.1354
0.7062 0.2451 0.0143 0.0039 0.0278 0.0027
0.0377 0.6727 0.0573 0.2281 0.0019 0.0023
0.0081 0.9234 0.0089 0.0094 0.0437 0.0065
0.0355 0.4923 3.0E-4 0.0586 8.0E-4 0.4125
0.047 0.8649 0.002 0.0581 0.0012 0.0268
0.0602 0.8611 0.0039 0.0506 0.0072 0.017
1.0E-4 0.9662 0.0195 0.0116 0.0015 0.0011
0.0596 0.1502 0.004 0.0776 0.3378 0.3708
0.3807 0.4477 0.0095 0.0205 0.1172 0.0244
0.9279 0.0109 1.0E-4 1.0E-4 0.0586 0.0024
0.9699 0.0069 0.0059 0.002 0.0081 0.0072
0.9852 0.0031 7.0E-4 0.0011 0.0069 0.003
0.1623 0.3051 0.0395 0.1584 0.2019 0.1327
0.428 0.5618 0.0096 1.0E-4 3.0E-4 2.0E-4
4.0E-4 0.8339 0.0031 0.006 0.1528 0.0038
0.9752 4.0E-4 3.0E-4 4.0E-4 0.0192 0.0045
0.8453 0.0025 0.0024 5.0E-4 0.149 3.0E-4
0.0516 0.8283 0.0038 0.088 0.0065 0.0218
0.3124 0.1541 0.0653 0.0023 0.0067 0.4592
0.7203 0.0641 0.0241 0.1226 0.0322 0.0367
0.3421 0.0614 3.0E-4 0.0111 0.528 0.0571
6.0E-4 0.8304 0.0054 0.1275 2.0E-4 0.0359
0.6625 1.0E-4 9.0E-4 0.0252 1.0E-4 0.3112
0.0011 0.8098 0.0263 0.0086 0.1513 0.0029
0.5678 0.0317 0.0164 0.0711 0.0145 0.2985
0.931 0.02 0.004 0.0071 0.0057 0.0322
0.9591 0.0017 2.0E-4 3.0E-4 0.0384 3.0E-4
0.2868 0.5082 0.0094 0.0146 0.172 0.009
0.2087 0.0392 0.0071 0.0229 0.5025 0.2196
0.0032 0.9551 0.0016 9.0E-4 0.0372 0.002
0.2551 0.4673 0.0094 0.2133 0.0238 0.0311
0.0149 0.9432 0.0108 0.0026 0.0234 0.0051
0.0627 0.6217 0.197 0.0856 0.029 0.004
0.405 0.0266 0.0243 0.003 0.5381 0.003
0.1315 0.1098 0.0636 0.011 0.653 0.0311
0.3748 0.5208 0.0424 0.0477 0.0033 0.011
0.0017 0.4008 4.0E-4 0.1355 1.0E-4 0.4615
0.233 0.0123 0.0029 0.0608 0.4336 0.2574
0.3123 0.0262 0.0642 0.0606 0.1153 0.4214
0.0306 0.1368 0.0065 0.0293 0.0077 0.7891
0.078 0.0048 0.0039 0.0162 0.1603 0.7368
0.1763 0.0473 6.0E-4 0.0016 2.0E-4 0.774
0.0509 0.0011 0.004 0.0145 0.8838 0.0457
0.2375 0.7089 0.0103 0.0282 0.0043 0.0108
0.7203 0.0464 0.2066 0.0012 0.0226 0.0029
0.3459 9.0E-4 0.0804 5.0E-4 7.0E-4 0.5716
0.5742 0.179 0.2297 6.0E-4 0.002 0.0145
0.0743 0.0456 0.0189 0.0353 0.0831 0.7428
0.1856 0.1027 0.0278 0.1288 0.4852 0.0699
0.9393 0.0061 0.0207 0.0038 0.0298 3.0E-4
0.0664 0.8717 0.0024 0.0066 0.0418 0.0111
0.3059 0.6235 0.0353 0.0243 0.009 0.002
0.6559 0.3054 0.0064 0.0247 3.0E-4 0.0073
0.0068 0.4656 0.0037 0.0021 0.5205 0.0013
0.0068 0.8152 0.0419 0.1091 0.022 0.005
0.5313 0.4166 0.0263 0.0221 0.0022 0.0015
0.2458 0.0509 0.0133 0.1487 0.5002 0.0411
0.0021 0.965 0.0051 0.0056 0.0196 0.0026
0.0151 0.2204 0.0411 0.072 0.394 0.2574
0.1791 0.0276 0.0015 0.0351 0.6776 0.0791
0.0117 0.8272 0.0068 0.1316 6.0E-4 0.0221
0.1855 0.3218 0.0015 0.0039 0.002 0.4853
0.7337 0.0335 0.0027 0.1952 0.0042 0.0307
0.358 0.1751 0.0492 0.2549 0.0434 0.1194
0.0156 0.0687 0.0165 0.0183 0.2108 0.6701
0.7466 0.1837 0.0024 0.0126 0.035 0.0197
0.3137 0.1102 0.0177 0.1115 0.4415 0.0054
0.6351 0.0402 0.0286 0.2385 0.0359 0.0217
0.0084 0.2734 7.0E-4 5.0E-4 0.7158 0.0012
0.5565 0.0078 4.0E-4 0.0034 0.4267 0.0052
0.0091 0.1265 5.0E-4 2.0E-4 0.8629 8.0E-4
0.1567 0.0015 0.0012 0.0402 0.5196 0.2808
0.4656 0.1507 0.1533 0.2058 0.0207 0.0039
0.0248 0.1947 0.0701 0.0066 0.694 0.0098
0.7968 0.1342 0.003 0.0455 0.0052 0.0153
0.8428 0.0056 0.0027 0.0917 0.0152 0.042
0.3637 0.5277 0.0063 0.0031 0.0987 5.0E-4
0.4251 0.022 0.0223 0.2488 0.1747 0.1071
2.0E-4 0.5639 0.0139 0.2726 0.1434 0.006
0.1047 0.0011 0.0149 0.0357 0.1847 0.6589
0.0123 0.8578 0.0128 0.0069 0.1086 0.0016
0.1047 0.2619 0.0342 0.1265 0.0316 0.4411
0.0237 9.0E-4 0.0068 0.0038 0.9632 0.0016
0.01 0.912 0.0025 0.0542 0.0077 0.0136
0.2455 0.1849 0.0668 0.1805 0.1541 0.1682
0.995 1.0E-4 1.0E-4 4.0E-4 0.0011 0.0033
0.1805 0.2632 0.0565 0.273 0.197 0.0298
0.2863 0.195 0.0113 0.2407 0.224 0.0427
0.534 0.0205 0.033 0.3035 0.0998 0.0092
0.0442 0.0136 0.0162 0.0031 0.9016 0.0213
0.0251 0.5096 0.0496 0.3365 0.0139 0.0653
0.0238 0.4897 0.0238 0.3891 0.0375 0.0361
0.0551 0.4017 0.0995 0.1641 0.2333 0.0463
0.0011 0.849 6.0E-4 8.0E-4 0.1484 1.0E-4
0.0806 0.2319 0.012 0.0636 0.6074 0.0045
0.9742 0.0126 0.0039 0.0074 0.0011 8.0E-4
0.5018 0.0353 0.0239 0.3873 0.0065 0.0452
0.11 0.1314 0.0755 0.0057 0.2634 0.414
0.1728 0.1402 0.0011 0.0926 0.0364 0.5569
0.2614 0.6752 0.0031 0.0243 0.0276 0.0084
0.4211 0.0709 0.042 0.2347 0.018 0.2133
0.0343 0.0439 0.0058 0.0585 0.8509 0.0066
0.1784 0.2021 0.0096 0.2555 0.1755 0.1789
0.3651 0.0021 0.0918 0.0301 0.0135 0.4974
0.0239 0.455 0.0357 0.3647 0.0409 0.0798
0.4998 0.0069 2.0E-4 0.4652 3.0E-4 0.0276
0.0153 0.9055 0.0064 0.0373 0.0249 0.0106
0.4687 0.0011 0.038 0.2453 0.2466 3.0E-4
0.2703 0.0906 4.0E-4 0.0375 0.109 0.4922
0.8756 0.0752 0.0022 0.0047 0.0414 9.0E-4
0.0036 0.5469 0.017 0.4281 0.0021 0.0023
0.0913 0.0125 0.0039 0.0786 0.8107 0.003
0.2071 0.6562 0.0124 0.0991 0.0122 0.013
0.2043 0.3048 0.0392 0.4185 0.011 0.0222
0.3698 0.1939 0.0069 0.4108 0.0127 0.0059
0.476 8.0E-4 0.0155 0.1497 0.3557 0.0023
0.4707 0.0726 0.0033 0.4077 0.0197 0.026
0.0023 0.9369 1.0E-4 0.0023 0.056 0.0024
0.5365 0.0316 0.0079 0.0143 0.4092 5.0E-4
0.3834 0.1284 0.0576 0.3536 0.015 0.062
0.2835 0.0298 0.006 0.0214 0.0105 0.6488
0.001 0.3916 6.0E-4 0.3246 3.0E-4 0.2819
0.0143 0.432 0.0706 0.2435 0.1938 0.0458
0.0104 0.5432 0.1688 0.1216 0.0833 0.0727
0.0225 0.2158 0.0252 0.1094 0.0495 0.5776
0.6668 0.0049 0.2194 0.0206 0.0047 0.0836
0.3338 0.004 0.0066 0.0618 0.0115 0.5823
0.0017 0.2521 0.0829 0.0335 8.0E-4 0.629
0.5215 0.3908 6.0E-4 0.0771 0.0011 0.0089
0.0044 0.6896 0.0027 0.2722 0.0248 0.0063
0.171 0.025 0.0027 0.1474 0.0198 0.6341
0.3685 0.03 0.0013 0.2912 9.0E-4 0.3081
0.3057 0.1003 0.0732 0.2519 0.2001 0.0688
0.0216 0.5434 0.189 0.0133 0.1372 0.0955
0.1598 0.1808 0.1055 0.0429 0.143 0.368
0.1563 0.8369 0.002 0.0046 1.0E-4 1.0E-4
0.3936 0.0506 0.147 0.049 0.1923 0.1675
0.5519 0.0894 0.0056 0.1268 0.2168 0.0095
0.845 0.0194 3.0E-4 0.0336 0.0975 0.0042
0.5716 2.0E-4 3.0E-4 0.427 2.0E-4 7.0E-4
0.6119 0.1964 0.0073 0.1791 0.0016 0.0037
0.0071 0.0039 0.0019 0.0049 1.0E-4 0.9821
0.0672 0.6605 0.2461 2.0E-4 0.0131 0.0129
0.03 0.2203 0.0784 0.0913 0.5778 0.0022
0.0025 0.0718 0.0014 0.0022 0.922 1.0E-4
0.0384 0.2825 0.0096 0.2097 0.056 0.4038
0.0676 0.1178 0.0111 0.1485 0.487 0.168
0.03 0.9087 0.0083 0.0247 0.0271 0.0012
0.0122 0.4107 0.0246 0.3474 0.0015 0.2036
0.3897 0.0128 0.0198 0.2188 0.047 0.3119
0.2598 0.1569 0.0997 0.1671 0.0903 0.2262
0.4792 0.0347 0.1296 0.2206 0.1034 0.0325
0.2864 0.1748 0.1512 0.0189 0.1337 0.235
5.0E-4 0.5881 2.0E-4 0.354 0.0566 6.0E-4
0.7503 0.0906 0.0289 0.1104 0.0193 5.0E-4
0.3311 0.0067 0.0026 0.012 0.0177 0.6299
0.4875 0.1382 0.0036 0.364 0.0057 0.001
0.0101 0.0027 0.0025 0.0063 0.004 0.9744
0.3725 0.344 0.001 0.2129 0.0693 3.0E-4
0.0911 0.3955 0.0096 0.122 0.3813 5.0E-4
0.2307 0.1142 0.0395 0.2092 0.0535 0.3529
0.0393 0.1649 0.0304 0.1257 0.0256 0.6141
0.9783 5.0E-4 6.0E-4 0.0198 1.0E-4 7.0E-4
0.0297 0.8744 0.0068 0.0588 0.0276 0.0027
0.2711 0.1872 0.092 0.3696 0.0798 3.0E-4
0.7288 0.1025 0.0016 0.1617 0.0018 0.0036
0.0099 0.5556 0.2217 0.1073 0.0972 0.0083
0.4483 0.0119 0.1258 0.1184 2.0E-4 0.2954
0.7894 0.1914 0.0025 0.0152 6.0E-4 9.0E-4
0.0785 0.4084 0.193 0.0476 0.2722 3.0E-4
0.0028 0.2813 0.0998 0.0213 0.0033 0.5915
0.9015 0.0057 4.0E-4 0.0365 0.0553 6.0E-4
0.0012 0.9866 4.0E-4 0.0035 0.0079 4.0E-4
0.0142 0.3902 0.1101 0.1748 0.088 0.2227
0.3717 0.0154 0.117 0.1787 0.3145 0.0027
0.0028 0.0779 0.0113 0.0474 0.0046 0.856
0.4669 0.0793 0.2268 0.0273 0.1685 0.0312
0.0341 0.4013 0.0699 0.4199 0.0131 0.0617
6.0E-4 0.9582 4.0E-4 0.0017 0.039 1.0E-4
0.0042 0.3582 0.1247 0.0046 0.4327 0.0756
0.1514 0.0037 3.0E-4 0.0178 0.8263 5.0E-4
0.2084 0.1938 0.0051 0.54 0.0239 0.0288
2.0E-4 0.9478 8.0E-4 0.0474 1.0E-4 0.0037
0.0083 0.4806 0.1778 0.0014 0.3313 6.0E-4
0.1491 0.0575 0.0616 0.1038 0.6171 0.0109
0.1519 0.5244 0.3097 0.006 0.0029 0.0051
0.0573 0.001 0.0265 7.0E-4 0.9141 4.0E-4
0.0387 0.3716 0.1373 0.1355 0.079 0.2379
0.9013 4.0E-4 0.0016 0.0964 2.0E-4 1.0E-4
0.0103 0.0229 0.0086 0.0132 0.0065 0.9385
0.0347 0.393 0.0779 0.4678 0.024 0.0026
0.0435 0.4497 0.0018 0.0281 0.4764 5.0E-4
0.0526 0.2508 0.0019 0.2999 0.0277 0.3671
0.1617 0.434 0.2687 0.0028 0.0766 0.0562
0.8972 0.0672 9.0E-4 0.0339 6.0E-4 2.0E-4
0.4029 0.0011 0.138 0.0065 0.0931 0.3584
0.0011 0.1359 2.0E-4 0.038 0.8243 5.0E-4
0.2396 0.0026 0.1097 0.0026 0.6004 0.0451
0.356 0.0475 0.026 0.5565 0.0046 0.0094
0.0244 0.0143 8.0E-4 0.0426 0.9165 0.0014
0.0527 0.2775 0.1496 0.0079 0.1826 0.3297
5.0E-4 0.4179 0.039 0.5419 4.0E-4 3.0E-4
0.0043 0.3163 5.0E-4 0.3957 0.2783 0.0049
0.361 1.0E-4 0.1248 0.1197 0.3921 0.0023
0.209 0.0737 0.0478 0.2241 0.0032 0.4422
0.0747 0.15 0.0295 0.2941 0.4378 0.0139
0.0035 0.3267 0.0018 0.4853 0.0239 0.1588
0.0746 0.2643 0.0928 0.2391 0.2108 0.1184
0.1665 0.279 0.0155 0.517 0.0115 0.0105
0.2341 0.1954 0.0031 0.5657 0.0012 5.0E-4
0.0128 3.0E-4 0.0046 0.0033 1.0E-4 0.9789
0.1687 0.0263 0.0234 0.1629 0.028 0.5907
0.0034 0.5409 0.2053 0.1989 0.0458 0.0057
0.1247 0.0069 3.0E-4 0.5534 0.2844 0.0303
0.0771 0.077 0.0042 0.1671 0.6712 0.0034
0.226 0.0031 0.1087 0.0038 0.0058 0.6526
0.0287 0.1745 0.0238 0.359 0.2911 0.1229
0.0052 0.3915 0.0188 0.567 0.0091 0.0084
0.0132 0.0719 0.0127 0.8975 9.0E-4 0.0038
0.0782 0.1106 0.013 0.176 0.0166 0.6056
0.1249 0.027 0.0114 0.3382 0.4508 0.0477
0.2617 0.049 0.0196 0.6024 0.01 0.0573
1.0E-4 4.0E-4 2.0E-4 1.0E-4 0.0016 0.9976
0.0967 0.2987 0.0016 0.4547 0.0076 0.1407
0.0033 0.2417 0.0287 0.6994 0.025 0.0019
1.0E-4 0.0022 1.0E-4 0.013 0.9845 1.0E-4
8.0E-4 0.049 0.0012 0.878 0.0704 6.0E-4
0.1375 0.013 0.0097 0.8104 0.0114 0.018
0.0045 0.1524 0.0015 0.8338 0.0019 0.0059
0.0708 0.0546 0.0395 0.0598 0.3164 0.4589
0.2882 0.1003 0.1545 0.1573 0.1693 0.1304
0.1687 0.1694 0.0069 0.5243 0.0121 0.1186
0.1455 0.0139 0.0498 0.0957 0.1083 0.5868
0.0042 0.0494 0.0066 0.8881 0.0464 0.0053
0.2237 0.0039 0.0277 0.7243 0.0068 0.0136
0.0015 0.1684 0.0021 0.8112 0.0144 0.0024
0.2958 0.0126 0.0504 0.3973 0.0281 0.2158
0.0047 0.151 0.036 0.1301 0.0046 0.6736
0.1002 0.0414 0.0202 0.7865 0.0365 0.0152
0.002 0.193 5.0E-4 0.4507 0.3529 9.0E-4
2.0E-4 0.0315 7.0E-4 0.8958 0.062 0.0098
0.0331 0.2229 0.0094 0.5767 0.0065 0.1514
0.0578 0.0633 0.003 0.8311 0.0392 0.0056
0.3084 0.0343 0.0267 0.4403 0.0383 0.152
0.0088 0.2165 0.032 0.2214 0.0015 0.5198
0.0493 0.179 0.0054 0.6748 0.0263 0.0652
0.0168 0.0128 0.0069 0.9577 7.0E-4 0.0051
0.1991 0.0114 0.0153 0.6253 0.0897 0.0592
0.0374 0.0595 0.0097 0.8778 0.0076 0.008
0.4552 0.032 0.2313 0.0094 0.001 0.2711
0.1316 0.2432 0.1823 0.117 0.3113 0.0146
0.0921 0.161 0.0018 0.7018 0.0224 0.0209
2.0E-4 0.007 6.0E-4 0.9913 6.0E-4 3.0E-4
0.0013 0.1448 0.0072 0.1662 0.68 5.0E-4
0.0029 0.0481 0.0011 0.6217 0.3251 0.0011
0.3723 0.1055 0.1674 0.3084 0.0041 0.0423
0.5736 0.0019 0.2765 0.0797 0.0669 0.0014
0.1767 0.0597 0.0964 0.12 0.546 0.0012
3.0E-4 0.026 3.0E-4 0.9732 1.0E-4 1.0E-4
0.0016 0.0047 2.0E-4 0.8334 0.1575 0.0026
0.0174 0.2398 0.0109 0.5221 0.004 0.2058
0.001 0.241 4.0E-4 0.7549 1.0E-4 0.0026
0.0644 0.1894 0.0421 0.6365 0.0377 0.0299
0.2879 0.0926 0.1851 0.028 0.3991 0.0073
0.0242 0.064 0.0114 0.0834 0.0242 0.7928
0.0334 0.1679 0.0401 0.7372 0.0084 0.013
0.0468 0.2199 0.0363 0.4036 0.0332 0.2602
0.0011 0.1101 0.0059 0.8195 0.0049 0.0585
0.0524 0.1658 0.0136 0.6826 0.0115 0.0741
0.0038 0.0433 0.0014 0.69 0.2594 0.0021
1.0E-4 0.9179 0.0077 0.0741 1.0E-4 1.0E-4
0.0223 2.0E-4 0.0033 0.2209 0.7121 0.0412
0.0497 0.1434 0.0344 0.6212 0.0815 0.0698
4.0E-4 0.0197 0.002 0.9577 0.0062 0.014
0.473 0.1252 0.2616 0.0815 0.0525 0.0062
0.0426 0.0078 0.0162 0.0486 0.0219 0.8629
0.0203 0.0345 0.0137 0.0495 0.33 0.552
1.0E-4 0.0301 0.0048 0.0405 0.7503 0.1742
0.0128 0.1135 0.0331 0.812 0.0258 0.0028
0.1605 0.0028 0.0405 0.6624 0.0393 0.0945
0.0031 0.0082 0.0015 0.9778 0.003 0.0064
0.3615 0.0121 0.1255 0.2183 0.1179 0.1647
0.0799 0.0513 0.0049 0.7656 0.0024 0.0959
0.0112 0.0895 0.0435 0.02 0.0225 0.8133
0.0632 0.0615 0.039 0.2163 0.618 0.002
0.0347 0.0605 0.0073 0.3471 0.3474 0.203
0.0035 0.0026 3.0E-4 0.9879 8.0E-4 0.0049
0.039 0.0939 0.023 0.4154 0.3401 0.0886
0.025 0.0843 0.0326 0.1875 0.6606 0.01
0.0059 0.0589 0.0109 0.5755 0.3137 0.0351
0.1 0.1847 0.1281 0.1042 0.2138 0.2692
0.0544 0.1501 0.0504 0.4965 0.2063 0.0423
0.0085 1.0E-4 0.0022 0.975 0.0131 0.0011
0.0529 0.0027 0.0086 0.0761 0.0204 0.8393
0.0317 2.0E-4 0.0014 0.2757 0.4834 0.2076
0.0695 0.0191 0.0081 0.6054 0.0295 0.2684
0.0677 0.0046 0.0022 0.8414 1.0E-4 0.084
0.0038 3.0E-4 9.0E-4 0.9528 0.035 0.0072
0.1969 0.0137 0.1002 0.0318 0.0169 0.6405
0.0012 0.0063 1.0E-4 0.9875 4.0E-4 0.0045
0.1025 0.0039 0.0012 0.6078 0.0948 0.1898
4.0E-4 9.0E-4 3.0E-4 0.981 0.0014 0.016
0.2065 0.012 0.0602 0.5634 0.0641 0.0938
0.1297 0.0967 0.0507 0.4707 0.0747 0.1775
0.0135 0.2574 0.0831 0.3313 0.0061 0.3086
0.1655 0.001 3.0E-4 0.4261 0.0017 0.4054
0.0014 0.0512 0.0143 0.9248 0.0071 0.0012
0.0342 0.0577 0.0406 0.0283 0.2711 0.5681
0.0208 0.073 0.0191 0.4281 0.1818 0.2772
0.0177 0.1645 0.0247 0.4013 0.0299 0.3619
0.1174 0.0061 2.0E-4 0.3518 0.1495 0.375
0.1154 0.0558 0.0843 0.1283 0.5636 0.0526
0.1298 0.0044 0.0033 0.7308 0.0075 0.1242
0.1728 0.0223 0.0954 0.0192 0.5715 0.1188
0.0087 0.1258 0.0443 0.2845 0.4334 0.1033
0.0038 0.0119 0.005 0.0179 0.5545 0.4069
0.0107 0.3591 0.1719 0.0831 0.2157 0.1595
0.1817 0.0197 0.0574 0.3086 0.277 0.1556
0.1917 0.0596 0.0648 0.5251 0.0424 0.1164
0.0366 0.077 0.0294 0.1304 0.3309 0.3957
1.0E-4 0.0021 1.0E-4 0.0387 0.8872 0.0718
0.1482 0.0571 0.0539 0.2442 0.0872 0.4094
0.0011 0.0436 0.001 0.1533 1.0E-4 0.8009
0.01 0.0017 9.0E-4 0.1107 0.0011 0.8756
0.0024 1.0E-4 8.0E-4 0.9747 0.0205 0.0015
0.0505 0.0038 3.0E-4 0.4517 6.0E-4 0.4931
0.0431 0.0039 0.0079 0.4688 0.0179 0.4584
0.0352 0.0388 0.0275 0.1145 0.7666 0.0174
0.1321 0.1429 0.1202 0.2729 0.107 0.2249
0.001 0.6479 0.3106 0.0216 0.0018 0.0171
0.0692 0.0272 0.0224 0.227 0.0246 0.6296
0.0842 0.0051 0.022 0.1507 0.0053 0.7327
7.0E-4 0.2639 0.1319 0.115 6.0E-4 0.4879
0.0148 0.1756 0.0605 0.2952 0.2678 0.1861
0.1059 0.1361 0.1207 0.5186 0.1124 0.0063
0.0014 1.0E-4 2.0E-4 0.3665 1.0E-4 0.6317
0.0382 0.0016 0.0052 0.1842 5.0E-4 0.7703
0.0051 0.0749 0.0272 0.8796 0.0121 0.0011
0.0055 0.0017 0.0017 0.1843 0.1936 0.6132
0.0061 0.0044 0.0024 0.0382 0.0017 0.9472
0.0118 0.0139 0.0083 0.6966 0.1894 0.08
0.1102 0.1462 0.1177 0.5273 0.0104 0.0882
0.0016 0.0093 0.0037 0.2516 0.7335 3.0E-4
0.0058 0.0047 0.0021 0.2907 0.0054 0.6913
0.002 0.2662 0.1068 0.6004 0.0048 0.0198
0.0185 0.0858 0.0487 0.7157 0.1284 0.0029
0.1471 0.0453 0.0725 0.253 0.0431 0.439
1.0E-4 0.1632 0.0496 0.363 1.0E-4 0.424
0.0939 0.0209 0.0432 0.4771 0.3514 0.0135
0.0851 0.0163 0.0024 0.2407 0.0097 0.6458
0.0142 0.0149 0.0092 0.8496 5.0E-4 0.1116
0.2027 0.0378 0.0979 0.6453 0.0112 0.0051
0.0085 0.0106 0.0083 0.7569 0.2109 0.0048
0.0389 0.0096 0.0214 0.7359 0.152 0.0422
0.1182 0.0241 0.0516 0.3286 0.119 0.3585
0.0699 0.007 0.0312 0.7625 0.0416 0.0878
0.0237 0.0021 0.0113 0.0276 0.0703 0.865
0.0174 0.0044 0.0065 0.0751 0.5601 0.3365
0.0437 0.0271 0.028 0.107 0.0291 0.7651
0.148 0.0377 0.0671 0.4611 0.0507 0.2354
0.0124 0.0588 0.0283 0.5423 0.0793 0.2789
0.0021 0.0362 0.0134 0.6121 0.3069 0.0293
0.0208 0.2209 0.1168 0.3653 0.0882 0.188
0.0031 0.006 0.0034 0.0294 0.958 1.0E-4
0.0035 0.1158 0.0423 0.1835 0.0232 0.6317
0.0242 0.1962 0.1028 0.6063 0.0307 0.0398
0.0615 0.0221 0.0287 0.2769 0.025 0.5858
0.0598 0.0378 0.0375 0.8103 0.0023 0.0523
0.0284 0.0386 0.0351 0.0125 0.8807 0.0047
0.033 0.0211 0.0353 0.0217 0.8868 0.0021
0.1756 0.0266 0.1077 0.0208 0.2296 0.4397
1.0E-4 1.0E-4 1.0E-4 3.0E-4 0.925 0.0744
5.0E-4 1.0E-4 3.0E-4 0.5122 0.2109 0.276
0.2848 0.115 0.2236 0.2622 0.0747 0.0397
0.3136 0.0289 0.1786 0.3233 0.1547 9.0E-4
0.217 0.0106 0.1166 0.1108 0.0644 0.4806
0.005 9.0E-4 0.0035 0.0044 0.9249 0.0613
0.4532 0.0037 0.2662 0.2404 0.0051 0.0314
0.2963 0.0064 0.1806 0.2833 0.0016 0.2318
0.0015 4.0E-4 0.001 0.0013 0.0047 0.9911
0.4315 0.1682 0.3048 0.0093 5.0E-4 0.0857
0.2068 0.0396 0.1325 0.2406 0.1125 0.268
0.0123 0.1443 0.095 0.1382 0.5949 0.0153
0.4083 0.0312 0.2569 0.0264 0.2588 0.0184
0.169 0.0023 0.1312 0.0709 0.5994 0.0272
0.5675 0.0086 0.3738 0.0033 0.0461 7.0E-4
0.1275 0.0208 0.0835 0.0888 0.6491 0.0303
0.0144 5.0E-4 0.0088 0.0345 0.9412 6.0E-4
0.1975 2.0E-4 0.1127 0.4021 0.066 0.2215
0.002 0.0098 0.0106 0.0463 0.9267 0.0046
0.0523 0.0099 0.0326 0.2285 0.6278 0.0489
0.0293 0.363 0.2086 0.2243 0.0148 0.16
0.02 0.1245 0.0832 0.6975 0.0582 0.0166
0.002 0.0376 0.0262 0.3115 0.4494 0.1733
0.021 0.0135 0.0228 0.0067 0.7696 0.1664
0.3824 0.0013 0.2875 0.068 0.024 0.2368
0.171 0.1979 0.2166 0.003 0.2112 0.2003
0.2815 0.0341 0.2386 0.1044 0.2758 0.0656
2.0E-4 1.0E-4 2.0E-4 0.9559 0.0435 1.0E-4
0.0026 0.0194 0.0146 0.2578 0.6939 0.0117
0.0155 0.0827 0.0572 0.6143 0.1469 0.0834
0.0052 0.279 0.1603 0.0415 0.005 0.509
0.0044 0.0895 0.0558 0.6279 0.0043 0.2181
0.2602 0.0057 0.2488 6.0E-4 0.4839 8.0E-4
0.0196 0.0939 0.0736 0.3138 0.2904 0.2087
0.0626 0.0122 0.0377 0.8549 0.0271 0.0055
0.013 0.1042 0.1024 0.7124 0.012 0.056
6.0E-4 0.0026 0.0019 0.0277 0.9662 0.001
0.3235 0.0033 0.2866 0.0034 0.3704 0.0128
0.044 0.2351 0.1939 0.0858 0.3753 0.0659
0.0224 0.0098 0.0228 0.1073 0.8338 0.0039
0.1137 0.0557 0.1413 0.5564 0.1023 0.0306
0.0086 0.107 0.0779 0.7929 0.0111 0.0025
0.1133 0.0488 0.1461 0.3521 0.3159 0.0238
0.1416 0.032 0.1564 0.4791 0.0316 0.1593
0.0714 0.0185 0.068 0.0753 0.277 0.4898
0.0072 0.0241 0.0233 0.4564 0.4884 6.0E-4
0.0399 0.0024 0.0349 0.031 0.0199 0.8719
5.0E-4 2.0E-4 5.0E-4 6.0E-4 0.97 0.0282
0.1273 0.068 0.1762 0.0728 0.5363 0.0194
0.5171 2.0E-4 0.4198 0.0184 0.0404 0.0041
3.0E-4 0.1124 0.0968 0.2009 0.5758 0.0138
0.225 0.0382 0.2277 0.0664 0.1976 0.2451
0.1676 0.3697 0.4269 1.0E-4 0.0348 9.0E-4
0.0233 0.0939 0.07 0.5982 0.1003 0.1143
0.0131 0.0077 0.0146 0.9246 0.0089 0.0311
0.1114 0.0493 0.1507 0.4535 0.1049 0.1302
0.0672 0.2307 0.2192 0.2117 0.0685 0.2027
0.0736 0.0701 0.0898 0.2782 0.0161 0.4722
0.0134 0.0428 0.0481 0.6601 0.225 0.0106
0.002 0.0447 0.0337 0.11 0.075 0.7346
0.0067 0.0041 0.0076 0.3174 0.4757 0.1885
0.2981 0.0508 0.2926 0.0676 0.2647 0.0262
0.181 0.2704 0.3151 0.039 0.003 0.1915
0.022 0.0085 0.0302 0.6329 0.0098 0.2966
0.0639 0.3975 0.3362 0.1111 0.0548 0.0365
1.0E-4 0.042 0.031 0.9212 0.0049 8.0E-4
0.077 0.097 0.1471 0.1035 0.1631 0.4123
0.387 0.005 0.3357 0.1007 0.1548 0.0168
0.008 0.0079 0.0133 0.0269 0.003 0.9409
0.2279 0.0279 0.2391 0.1776 0.026 0.3015
0.2117 0.0025 0.2052 0.2082 0.1527 0.2197
0.0663 0.0281 0.0519 0.4246 0.0276 0.4015
0.4575 0.0115 0.3959 0.0635 0.0686 0.003
0.0064 0.0066 0.0092 0.9049 0.0313 0.0416
0.0103 0.0795 0.0733 0.0914 0.5777 0.1678
0.4222 0.0014 0.3899 0.1585 9.0E-4 0.0271
0.1768 0.0176 0.163 0.4789 0.0768 0.0869
0.1689 0.1666 0.3257 0.1012 0.168 0.0696
0.0761 0.0742 0.117 0.0061 0.1361 0.5905
0.4931 0.0026 0.4919 0.004 0.0083 1.0E-4
0.3592 0.027 0.3784 0.0161 0.0275 0.1918
0.0148 0.3555 0.2036 0.0123 0.3923 0.0215
0.009 0.0503 0.0448 0.0073 0.2172 0.6714
0.3465 0.0635 0.3976 0.0193 0.0224 0.1507
0.0085 0.6234 0.1028 0.0276 0.2553 -0.0174
5.0E-4 0.0319 0.0171 8.0E-4 0.9144 0.0353
0.1469 0.0244 0.1746 0.3528 0.3002 0.0011
0.2586 0.0124 0.2857 0.2189 0.0256 0.1988
0.0515 0.1035 0.1642 0.6429 0.0349 0.003
0.0669 0.0022 0.1007 0.8216 0.0025 0.0061
0.0014 0.0107 0.0633 0.8845 0.0277 0.0124
0.0052 6.0E-4 0.007 0.9506 0.0347 0.0019
0.0018 0.0184 0.031 0.4909 0.4571 8.0E-4
1.0E-4 1.0E-4 3.0E-4 0.9965 3.0E-4 0.0027
0.0897 0.1715 0.2763 0.2155 0.1177 0.1293
0.2823 0.0239 0.3962 0.2555 0.0373 0.0048
0.037 0.0162 0.0559 0.8894 7.0E-4 8.0E-4
0.0704 0.034 0.1461 0.705 0.0411 0.0034
0.0093 0.0713 0.0898 0.7766 0.0033 0.0497
0.1794 0.0031 0.2612 0.5498 0.0043 0.0022
0.0149 0.0344 0.0935 0.6156 0.1979 0.0437
0.0043 0.1657 0.0989 2.0E-4 2.0E-4 0.7307
0.0077 0.0093 0.017 0.006 0.9403 0.0197
0.0937 0.0267 0.192 0.46 0.1539 0.0737
0.0613 0.0326 0.1334 0.5264 0.0181 0.2282
0.018 0.0233 0.0573 0.1892 0.6131 0.0991
0.1297 0.0048 0.2424 0.5947 0.0224 0.006
0.0183 0.0094 0.0313 0.0473 0.0514 0.8423
0.0431 0.0048 0.0591 0.0878 0.7432 0.062
0.002 0.0024 0.0077 0.9679 0.0022 0.0178
0.0014 0.0012 0.0125 0.9298 0.0107 0.0444
0.0171 0.1358 0.1716 0.5423 0.0636 0.0696
0.0012 0.002 0.0081 0.5826 0.3114 0.0947
0.0034 0.118 0.1303 0.4954 0.0069 0.246
0.1164 0.0016 0.1854 0.6461 0.0148 0.0357
0.0052 0.0016 0.0074 0.5222 0.05 0.4136
0.0099 0.0039 0.0307 0.472 0.438 0.0455
0.0103 0.0082 0.0575 0.7419 0.0034 0.1787
1.0E-4 0.0569 0.1634 0.7742 5.0E-4 0.0049
0.2419 0.0136 0.3432 0.2859 9.0E-4 0.1145
0.0024 0.0018 0.0696 0.8555 0.0686 0.0021
